2.6501420062439793 0.2198294263326852 0.014129181164171176 0.0006723421100123678 7.100430434425052e-6 7p0z22d07_27 0.37
2.4781291360082163 0.22093092988554106 0.013268612594399385 0.0007542320425470082 6.350523746037765e-6 7p0z22d20_27 0.33
2.980999474485042 0.21142909328672144 0.014163923521696964 0.0006636664996607489 0.000013079839798093636 dd202c 0.72
3.1441274921326516 0.22272568869823473 0.01316738846152015 0.0004343109034877725 0.000011728257860421074 dd4 0.61
3.3508175983153867 0.24421286295491526 0.014654171586177744 0.0006615077736434611 0.00001197722351108296 det2e2 0.63
4.848554692874353 0.2708378843014685 0.014803906154476909 0.00034839500200576024 0.000011371046187072022 det2e6 0.63
2.481959360754504 0.3402447687777995 0.014224027708319507 0.0005892160439725789 0.000010719741364041202 det2 0.55
2.5508789991659357 0.16893428494841856 0.013290695300840738 0.0005067617598751384 0.000013276285622203768 hecd 0.72
2.542144138526215 0.2006967501565204 0.01259456243715848 0.0003081139630461158 5.020295527463604e-6 hed6 0.26
2.457540338693677 0.18992903370397604 0.012990805403468801 0.0005186277386934977 0.000010254107214368162 hed8 0.51
2.868960902101214 0.2129705392143361 0.011948287107743696 0.00040186437048977844 0.000011444619720851178 m36 0.59
2.955370512735634 0.21281877241333821 0.01420594825303634 0.00044816397742777507 0.000011475125912856468 N100 0.6
2.75576875563642 0.1962208964694743 0.012256232022364923 0.0004850418327442508 0.000012094185666833179 w7dn 0.62
2.3944303213961335 0.17181650240454788 0.011537044311893384 0.000511855589387801 0.000014732291963979014 w7dt 0.76
2.8620055553778276 0.21904255868535907 0.011955962328242323 0.0003628857721570894 0.00001151335562649209 W7 0.58