2.6459919797958373 0.18925856961933174 0.014129181164171176 0.0006723421100123678 0.00003838774355731046 7p0z22d07_27 0.37
2.4569803886802135 0.19329063591696127 0.013268612594399385 0.0007542320425470082 0.00003442741795451649 7p0z22d20_27 0.33
3.091731103525287 0.17576365009584555 0.014163923521696964 0.0006636664996607489 0.00007050959778592337 dd202c 0.72
3.347267190618134 0.19774471330988574 0.01316738846152015 0.0004343109034877725 0.00006343475360134881 dd4 0.61
3.641697914034503 0.22873536042235365 0.014654171586177744 0.0006615077736434611 0.00006531372568336628 det2e2 0.63
5.517293703332278 0.26790049919508924 0.014803906154476909 0.00034839500200576024 0.00006172637660007157 det2e6 0.63
2.5147674316628486 0.32045311316907343 0.014224027708319507 0.0005892160439725789 0.00005757585786888013 det2 0.55
2.218849214281353 0.06437941860047398 0.013290695300840738 0.0005067617598751384 0.00006835474370435295 hecd 0.72
2.4098074205651807 0.1258027180803489 0.01259456243715848 0.0003081139630461158 0.000026597244065201995 hed6 0.26
2.1913775847356534 0.09921352047983445 0.012990805403468801 0.0005186277386934977 0.0000534824563978994 hed8 0.51
2.98143684546738 0.18048813818709142 0.011948287107743696 0.00040186437048977844 0.00006165458827283605 m36 0.59
3.049624664822651 0.16922193551180176 0.01420594825303634 0.00044816397742777507 0.00006181613689413952 N100 0.6
2.722350800296569 0.13290322348948044 0.012256232022364923 0.0004850418327442508 0.00006411976180757118 w7dn 0.62
2.113932171064689 0.08304158746104857 0.011537044311893384 0.000511855589387801 0.000076016208778383 w7dt 0.76
3.0010882598907913 0.19519037589939642 0.011955962328242323 0.0003628857721570894 0.0000622137072717407 W7 0.58