1.3338101727206202 0.08197833772622906 0.013530572915850829 0.0006696830822102378 2.723792296521286e-6 0.75 0.15 0.75 hed8 hed8
1.8531533039076358 0.183196523202873 0.012422758385027587 0.0006150433955177219 2.978999872139127e-6 0.75 0.15 0.75 hed8 mwd
1.682448345135888 0.15416934033357146 0.012743979749481367 0.0006848751686596308 2.9924059913182834e-6 0.75 0.15 0.75 hed8 N100
1.1239350257359526 0.10868320041100632 0.00993470521072351 0.0003485364601742238 2.919172924959267e-6 0.75 0.15 0.75 hed8 w7dt
1.2957457310160687 0.07929270458645138 0.013342762268435551 0.0007449870467690344 2.7315555705172777e-6 0.75 0.15 2. hed8 hed8
1.8600490103179392 0.17929114738505644 0.013213034335293921 0.0006094925221073572 2.955184126284189e-6 0.75 0.15 2. hed8 mwd
1.6437745915195874 0.15083644150110767 0.012570123020472742 0.00044865466658212326 2.998815019267071e-6 0.75 0.15 2. hed8 N100
1.1140795189019577 0.1003391138018362 0.011478569006657096 0.0004455443150835917 2.8659079164720496e-6 0.75 0.15 2. hed8 w7dt
1.5369054071717705 0.06767950892919976 0.012717183204014425 0.0005150790521285933 5.47161980651764e-6 0.75 0.3 0.75 hed8 hed8
2.305241548825322 0.17719801946767066 0.014261801508780116 0.0005515732932239931 5.821993023770975e-6 0.75 0.3 0.75 hed8 mwd
1.980451450794438 0.14358412152947309 0.013327416925803042 0.0006284564075953253 5.9260121134732025e-6 0.75 0.3 0.75 hed8 N100
1.364867957260209 0.08575847078294464 0.012420614339148246 0.0005819298372578014 5.6592194008307835e-6 0.75 0.3 0.75 hed8 w7dt
1.5053282375093968 0.06337246668054122 0.012890787532571458 0.0005695351104263501 5.466613042888613e-6 0.75 0.3 2. hed8 hed8
2.228634956222541 0.17598912894966853 0.0134949918692153 0.0005804959420811516 5.876228307866113e-6 0.75 0.3 2. hed8 mwd
1.9293976585525474 0.14082478967161122 0.012978375940694734 0.0006191990388301023 5.953583260152765e-6 0.75 0.3 2. hed8 N100
1.3299611509616707 0.08103086215595291 0.012696433032030588 0.0005405855870591759 5.6463164119432804e-6 0.75 0.3 2. hed8 w7dt
1.5299261782472884 0.09159198649693656 0.012650355818612935 0.0008036651071748517 2.749495097507885e-6 1. 0.15 0.75 hed8 hed8
2.1705383727442 0.19195113781033232 0.014294621995217348 0.0006535524041773466 2.92404160979201e-6 1. 0.15 0.75 hed8 mwd
1.9079290597353742 0.167759430356806 0.012402264966344542 0.0004477254528735404 3.009750411455641e-6 1. 0.15 0.75 hed8 N100
1.4095676289809613 0.11168274232195748 0.012720386027228133 0.0006858924564498675 2.838373262232998e-6 1. 0.15 0.75 hed8 w7dt
1.5153321860495348 0.08671184881774874 0.013152384693196633 0.0006139831306981018 2.7364708080619223e-6 1. 0.15 2. hed8 hed8
2.117175104306791 0.19054850736059445 0.013758272712705098 0.0005381321137687018 2.9430483880998434e-6 1. 0.15 2. hed8 mwd
1.8941856775536947 0.16396779233450207 0.01270953401915238 0.0004793241557439809 3.0003573306793358e-6 1. 0.15 2. hed8 N100
1.348487835437968 0.11108259855305025 0.011685099843194154 0.0003536675947517427 2.872370537005192e-6 1. 0.15 2. hed8 w7dt
1.7296594568061923 0.074451217922201 0.01308375676736017 0.000635485726420513 5.43850414509086e-6 1. 0.3 0.75 hed8 hed8
2.4708484373509547 0.18941231846479362 0.013808565700975863 0.0006783697022019849 5.844272439304397e-6 1. 0.3 0.75 hed8 mwd
2.1868826740460436 0.15737547890501372 0.013284179930746045 0.0006269783071264371 5.928615584043552e-6 1. 0.3 0.75 hed8 N100
1.606607470339091 0.0945333853866238 0.01352600979134919 0.0005757806790352238 5.609222075422484e-6 1. 0.3 0.75 hed8 w7dt
1.6710356450219255 0.07503028205840426 0.012311302667237104 0.0004967826716956935 5.493207209201035e-6 1. 0.3 2. hed8 hed8
2.430645857976289 0.18742786271390827 0.0136039781326777 0.0005748666897023852 5.867509904427538e-6 1. 0.3 2. hed8 mwd
2.153566356666253 0.15431867284846448 0.013220819226576367 0.000588112369516117 5.93707226587449e-6 1. 0.3 2. hed8 N100
1.5452440090359318 0.09349090238445479 0.012777422262766057 0.0005298568120771323 5.65916859266459e-6 1. 0.3 2. hed8 w7dt
1.8428173977644904 0.09445113545064124 0.013525494296089053 0.0006365927888808259 2.722521106217737e-6 1.4 0.15 0.75 hed8 hed8
2.4382165675469967 0.20438212519904952 0.013793768841620244 0.0007036155179089183 2.936451478478153e-6 1.4 0.15 0.75 hed8 mwd
2.209384506924029 0.1809848438567789 0.01239997385394895 0.0004863020037129318 3.009460833979813e-6 1.4 0.15 0.75 hed8 N100
1.7260014242270811 0.1197654978360878 0.013436024132996252 0.0006210175383618327 2.824710085587207e-6 1.4 0.15 0.75 hed8 w7dt
1.80054878707339 0.09341981916663947 0.013133984350781355 0.00048135094573745506 2.735755214387069e-6 1.4 0.15 2. hed8 hed8
2.373574011115071 0.204115550576006 0.013088322481846128 0.0005599411308548268 2.9641191462610766e-6 1.4 0.15 2. hed8 mwd
2.229111474396477 0.1766440140476584 0.01315387623872177 0.0005847116835290355 2.9846615859688633e-6 1.4 0.15 2. hed8 N100
1.6633122178551294 0.11941230250309796 0.012554650159800626 0.000579109301311235 2.8535847417652995e-6 1.4 0.15 2. hed8 w7dt
1.959304368781296 0.08557479804238625 0.012616846634758965 0.00048564304919246267 5.460461861027561e-6 1.4 0.3 0.75 hed8 hed8
2.70011987701641 0.20225126122946094 0.013464452588819691 0.00048452879344571133 5.856096292990984e-6 1.4 0.3 0.75 hed8 mwd
2.434863770243007 0.17294003897624063 0.012824910187353192 0.0004630526616484579 5.948330017141926e-6 1.4 0.3 0.75 hed8 N100
1.861509880560727 0.10840411672449793 0.013106927727212043 0.0006409037947910857 5.640630720067652e-6 1.4 0.3 0.75 hed8 w7dt
1.9689692281673292 0.07837632350986888 0.013472204199143623 0.0005568999824360246 5.412300106080189e-6 1.4 0.3 2. hed8 hed8
2.6655939124981005 0.2009320955523602 0.013295271629088619 0.0005490344319348192 5.877913275172062e-6 1.4 0.3 2. hed8 mwd
2.4327506411910576 0.16925426446296385 0.013163242933108879 0.0005006769443590908 5.9304626781232955e-6 1.4 0.3 2. hed8 N100
1.8381257342003927 0.10432926929984326 0.013324715831068567 0.0005367317000460236 5.631200983491099e-6 1.4 0.3 2. hed8 w7dt
2.2288420375958204 0.06261431159214093 0.013157774362551626 0.0005778627037038057 0.000010664583547417985 1.4 0.6 0.75 hed8 hed8
3.0853124287541474 0.19500607391502844 0.013056288512891373 0.00045047028487354567 0.000011582329614623509 1.4 0.6 0.75 hed8 mwd
2.7445174993019217 0.15760823072718555 0.012738717615690696 0.0004110245807410967 0.000011728266716792905 1.4 0.6 0.75 hed8 N100
2.0376620673746997 0.08721138771540964 0.01253659784011749 0.0004701929628333385 0.000011183873425038056 1.4 0.6 0.75 hed8 w7dt
2.1802560614066437 0.061744841381565815 0.012847706741934186 0.0005267613463514378 0.000010715362192449555 1.4 0.6 2. hed8 hed8
3.0791079417937373 0.1923985857879578 0.013239178990471834 0.0004905292185299352 0.000011576600573337137 1.4 0.6 2. hed8 mwd
2.7338649669433615 0.15364697481085515 0.012956711131271944 0.0004324256853774159 0.000011713021325170226 1.4 0.6 2. hed8 N100
2.0193086946066825 0.08171746534577999 0.012919470049148275 0.0004961443156965507 0.000011145139445746053 1.4 0.6 2. hed8 w7dt
2.0118203950706595 0.04681005567793307 0.012465920285984722 0.0005377796908418037 0.000013338599160062537 1.4 0.75 0.75 hed8 hed8
3.244487862233798 0.19236121099162468 0.013504055040801767 0.00040202937161441164 0.000014322587433688638 1.4 0.75 0.75 hed8 mwd
2.678511267059148 0.15115806550981883 0.012371573364968195 0.0004381716327576681 0.000014660759027346552 1.4 0.75 0.75 hed8 N100
2.0109620074849484 0.08613450415104677 0.011672445047635467 0.0005056241187875198 0.000014025900470085963 1.4 0.75 0.75 hed8 w7dt
1.9717724582187999 0.04542849766655421 0.012284059171226177 0.0004689743151496761 0.000013389549322516267 1.4 0.75 2. hed8 hed8
3.158063591659359 0.19264088576141852 0.012917520600070969 0.00040088197807140665 0.000014464796190712892 1.4 0.75 2. hed8 mwd
2.6803035721206876 0.14634687790154954 0.012763820356368544 0.0004215365130616641 0.000014598374420566976 1.4 0.75 2. hed8 N100
2.000215222786803 0.08015004419255868 0.012184224563179198 0.0005293855661244081 0.000013952111740965103 1.4 0.75 2. hed8 w7dt
2.0463741787364578 0.10063619890592397 0.012966934709331999 0.0005225581688376885 2.7294773731104466e-6 1.8 0.15 0.75 hed8 hed8
2.6019171886222576 0.214421951964822 0.012711276064505277 0.000480024047249811 2.9678213859926084e-6 1.8 0.15 0.75 hed8 mwd
2.5139797823888275 0.1871758718562247 0.013279046709591746 0.00048376898482706433 2.9710666201135116e-6 1.8 0.15 0.75 hed8 N100
1.962695823330348 0.12596319440646658 0.013451643601030279 0.0006270878308896752 2.8228371005261534e-6 1.8 0.15 0.75 hed8 w7dt
2.009357917887701 0.0994953715718174 0.01269546143449599 0.0005659387548912863 2.7403662794393e-6 1.8 0.15 2. hed8 hed8
2.6327710867260876 0.21197061933421796 0.013354859735564608 0.0005463381159973661 2.949233417795258e-6 1.8 0.15 2. hed8 mwd
2.488515129904529 0.1852458355703312 0.013216265729508531 0.0004551539832350563 2.9765510539447465e-6 1.8 0.15 2. hed8 N100
1.958581725584062 0.1213852480863379 0.013945815062398953 0.0007815889236471643 2.809923172393346e-6 1.8 0.15 2. hed8 w7dt
2.2045190277593485 0.0869600289236905 0.013390032978412791 0.0005984912164998876 5.382707743813832e-6 1.8 0.3 0.75 hed8 hed8
2.9736538086535016 0.20903584365573244 0.014115569567946273 0.0005884020673028065 5.7910854879995276e-6 1.8 0.3 0.75 hed8 mwd
2.6684932681483033 0.1820567987066811 0.012905583276037764 0.0004943596694693823 5.924502514227683e-6 1.8 0.3 0.75 hed8 N100
2.0786268454533405 0.11652845785810718 0.013103860485319283 0.0005917551051454191 5.635075077135864e-6 1.8 0.3 0.75 hed8 w7dt
2.143972390254215 0.08791210019257424 0.012751674577800343 0.0004171009022778465 5.432273680466155e-6 1.8 0.3 2. hed8 hed8
2.901366895681812 0.2090138750249771 0.013519077045177706 0.0005118495198244051 5.842461779847934e-6 1.8 0.3 2. hed8 mwd
2.6476810904332115 0.17974916289560333 0.01291757389742042 0.0004942265549965397 5.930434771722658e-6 1.8 0.3 2. hed8 N100
2.05294550616663 0.11320740893941325 0.01317532941931211 0.000511828585234494 5.638042034351229e-6 1.8 0.3 2. hed8 w7dt
2.3222863991952987 0.07751858372940564 0.011898989729633982 0.0004895945095041115 0.00001079162708677272 1.8 0.6 0.75 hed8 hed8
3.2516312818308903 0.20444766821975743 0.012904100113443086 0.00045168323274130917 0.000011558898621467045 1.8 0.6 0.75 hed8 mwd
2.9567997839379285 0.16793239600725543 0.012976666758605843 0.0004820011176860525 0.00001165088807410088 1.8 0.6 0.75 hed8 N100
2.2248407120659257 0.09975107311330707 0.012383896791833047 0.0004615536267920608 0.000011212246103133492 1.8 0.6 0.75 hed8 w7dt
2.337725451280993 0.07064008415969068 0.012621563379802468 0.0005256777794507986 0.000010699801984709603 1.8 0.6 2. hed8 hed8
3.308661716069806 0.2003624695033613 0.013625963756832893 0.0005261605074917843 0.000011471671324355204 1.8 0.6 2. hed8 mwd
2.915066133932219 0.16631755546151586 0.012780034613944067 0.0003902460783944208 0.000011700972143644428 1.8 0.6 2. hed8 N100
2.217556534810141 0.09427250523669312 0.012811361471526466 0.00046537966507167745 0.000011168526716875001 1.8 0.6 2. hed8 w7dt
2.453617089569457 0.067272224963493 0.012520656868323788 0.00040393592159333204 0.000013254081776774187 1.8 0.75 0.75 hed8 hed8
3.4023933957023726 0.20063236779296206 0.012804811402387008 0.00043370970977486616 0.00001434231614110842 1.8 0.75 0.75 hed8 mwd
3.0693309439679743 0.16100134855233028 0.012830206941636025 0.0004919607938342512 0.00001447526867367137 1.8 0.75 0.75 hed8 N100
2.3320400042036247 0.08581887933552122 0.01300545383712881 0.0005256453558735562 0.00001377635302535249 1.8 0.75 0.75 hed8 w7dt
2.418044398177867 0.06552271346240213 0.012424598803664633 0.00043754727594372646 0.00001329057893978271 1.8 0.75 2. hed8 hed8
3.3861001203452297 0.1986660238859333 0.012867028553925096 0.0003965197492548363 0.000014365622135082126 1.8 0.75 2. hed8 mwd
3.0592531992623453 0.15772840865399188 0.012995169099748717 0.000469262119712835 0.00001446530987832538 1.8 0.75 2. hed8 N100
2.2825127777392873 0.0847222394875257 0.012714639688037679 0.0005329060487040285 0.000013857427451729208 1.8 0.75 2. hed8 w7dt
2.156338289076095 0.10108793504684614 0.013164514820447662 0.0006225423886245961 2.7161029138043344e-6 2. 0.15 0.75 hed8 hed8
2.795385208940181 0.215647806124282 0.013817556393956465 0.00057961508850579 2.9234503463834045e-6 2. 0.15 0.75 hed8 mwd
2.5883242923947756 0.19177635014348898 0.012769853557007351 0.0005006328490697513 2.9852712880775624e-6 2. 0.15 0.75 hed8 N100
2.0821842011726983 0.1270337615507089 0.013763580587401928 0.0005852268988266765 2.8097784339186426e-6 2. 0.15 0.75 hed8 w7dt
2.1228478326421034 0.09950134173902286 0.012983545499907767 0.0005855399314983259 2.725170332466721e-6 2. 0.15 2. hed8 hed8
2.7739082129211092 0.21450378041401508 0.013750863075458242 0.0006011483862437672 2.930991409942886e-6 2. 0.15 2. hed8 mwd
2.593503379600051 0.18903777765481178 0.013098258421669992 0.00043734480016438244 2.9762678650648188e-6 2. 0.15 2. hed8 N100
2.089083575413174 0.12213267902464021 0.01440644977808957 0.0006788334882284148 2.794528568150529e-6 2. 0.15 2. hed8 w7dt
2.272486587137254 0.09139168017812901 0.012960689493878786 0.0005214395261312931 5.401346898699884e-6 2. 0.3 0.75 hed8 hed8
3.0167981618911868 0.21382443061834924 0.013506444447604057 0.0005454887939621954 5.825640097042617e-6 2. 0.3 0.75 hed8 mwd
2.7810766757947367 0.18503471444924444 0.013046094820100976 0.0004925620659227652 5.9032967094574695e-6 2. 0.3 0.75 hed8 N100
2.217150443172447 0.11610753252228478 0.013879842039572085 0.0006838164558844863 5.5807777504663196e-6 2. 0.3 0.75 hed8 w7dt
2.286481546955466 0.0850627378713844 0.013638531362437449 0.0006301408065345198 5.362206822452652e-6 2. 0.3 2. hed8 hed8
3.0356433278757753 0.21164078303555112 0.013898190829360897 0.0005378031310896895 5.806164688749687e-6 2. 0.3 2. hed8 mwd
2.780875948245173 0.18206941598560858 0.013298597466244334 0.000489888624814419 5.893260166455438e-6 2. 0.3 2. hed8 N100
2.1678308308353857 0.1148556908861665 0.013501667386543372 0.0005560436529895484 5.612042830285223e-6 2. 0.3 2. hed8 w7dt
2.456114040422047 0.075054451830796 0.012768942847818085 0.0005016805341236862 0.000010638229859149617 2. 0.6 0.75 hed8 hed8
3.358136051010234 0.20742260282115915 0.013095867781841169 0.0004695811514489949 0.000011509565238396532 2. 0.6 0.75 hed8 mwd
3.0095678958142873 0.17414563761902108 0.012561664800076226 0.00044025809012553747 0.00001169416652678416 2. 0.6 0.75 hed8 N100
2.3395485675025043 0.10143617034281405 0.012844145225788289 0.00045019085890840924 0.000011137712681757042 2. 0.6 0.75 hed8 w7dt
2.436495646082624 0.07201019356730513 0.012887716112075773 0.0004224708175111025 0.000010634248119660684 2. 0.6 2. hed8 hed8
3.3635264124663817 0.20509615371307494 0.013331070941113164 0.0004554039541162922 0.000011497137959049158 2. 0.6 2. hed8 mwd
2.9767196672418286 0.17230177340183528 0.012455422727397672 0.0004300737997950857 0.000011728278956175085 2. 0.6 2. hed8 N100
2.3254335417404888 0.09711320889821351 0.013098827987086139 0.00045894804456887196 0.000011120357147959715 2. 0.6 2. hed8 w7dt
2.504559821318776 0.07176002812280047 0.012246694388903384 0.0005417282670740783 0.000013278954887253994 2. 0.75 0.75 hed8 hed8
3.4849370287301635 0.20421834633942276 0.012836508065828645 0.0003849341039172323 0.000014310468298544088 2. 0.75 0.75 hed8 mwd
3.1616530486043737 0.16558279589406902 0.012917332631979455 0.0004973709392371277 0.00001443190148020742 2. 0.75 0.75 hed8 N100
2.411529941237448 0.09192690322620219 0.012866852925976231 0.0004592562823823127 0.000013803295617939675 2. 0.75 0.75 hed8 w7dt
2.490799622549004 0.06836650219350593 0.01245467227804832 0.0004577016051605691 0.000013253805530116199 2. 0.75 2. hed8 hed8
3.4655473812730193 0.20257181783829353 0.01285520723965124 0.0004169126579608326 0.000014339004453676182 2. 0.75 2. hed8 mwd
3.0890402621462574 0.1656142125864637 0.012444595732231774 0.0004257363736466549 0.000014545991814468088 2. 0.75 2. hed8 N100
2.3689852982191653 0.09024379167543123 0.012689477915906763 0.0005194965606430645 0.00001386215984323785 2. 0.75 2. hed8 w7dt
1.3813945457457175 0.08529217125166963 0.011908929096213664 0.0004488967461841525 2.8999616832619587e-6 0.75 0.15 0.75 mwd hed8
2.132104338823421 0.1874191049394354 0.01334876786162616 0.0006521129827196775 2.9026387126185977e-6 0.75 0.15 0.75 mwd mwd
1.8715132330975228 0.16087785256501533 0.012834191156587344 0.0004983692883093196 2.9638640996639883e-6 0.75 0.15 0.75 mwd N100
1.4001465183912576 0.11890825869474977 0.012887731060658093 0.0006037899156156072 2.9017779536649262e-6 0.75 0.15 0.75 mwd w7dt
1.3631498819529453 0.07776938112309077 0.012760375644759599 0.0006694337681019119 2.875678781266156e-6 0.75 0.15 2. mwd hed8
2.1125650043246518 0.1849976329936468 0.01347104078514989 0.0004930455627748509 2.9021784771724535e-6 0.75 0.15 2. mwd mwd
1.8629561693937062 0.15667401110459617 0.013335364543247496 0.0005145584424460797 2.9493857416385243e-6 0.75 0.15 2. mwd N100
1.3409411235716582 0.11617589879091779 0.012184668412713743 0.0005472631732816942 2.924401033428326e-6 0.75 0.15 2. mwd w7dt
1.60936595109087 0.058996156461495204 0.013244141138067092 0.0005968314025852389 5.666042797325363e-6 0.75 0.3 0.75 mwd hed8
2.4511858515969047 0.18501906812429503 0.012578882679199833 0.0005774950687676126 5.8186890046352385e-6 0.75 0.3 0.75 mwd mwd
2.172548806642946 0.14750480404487454 0.01338762795069805 0.000574336113101362 5.848250562584775e-6 0.75 0.3 0.75 mwd N100
1.5917408556284005 0.10090234051126963 0.012940239411944646 0.0004921225057423962 5.762261268239781e-6 0.75 0.3 0.75 mwd w7dt
1.5587040207463787 0.05541709119493985 0.013021193201913294 0.0006012457672339756 5.687864967788219e-6 0.75 0.3 2. mwd hed8
2.4771456547910407 0.18026736604547344 0.013389389250057844 0.0006277994354406142 5.766506810099316e-6 0.75 0.3 2. mwd mwd
2.1531769644937824 0.1432057042752413 0.013651168856833007 0.0005639391716843205 5.837917061860334e-6 0.75 0.3 2. mwd N100
1.522518888675924 0.09901262267276535 0.012137980693301749 0.0004598729238926965 5.8233909578812575e-6 0.75 0.3 2. mwd w7dt
1.663864673963759 0.08975977127220447 0.013436062144023026 0.0005739766749810418 2.8520532733958282e-6 1. 0.15 0.75 mwd hed8
2.354734557078521 0.19848451999413175 0.013243306860372 0.0005866385500357345 2.9057630714174684e-6 1. 0.15 0.75 mwd mwd
2.1452884582576157 0.17268881997490607 0.01330592862379909 0.0005474832899088794 2.949692587824352e-6 1. 0.15 0.75 mwd N100
1.6687446909869563 0.13107030709772508 0.013400191076653644 0.0005071076403135788 2.893951532971501e-6 1. 0.15 0.75 mwd w7dt
1.6164089000457633 0.08666014136367368 0.0131397312802259 0.0005215294505939823 2.8637867587603942e-6 1. 0.15 2. mwd hed8
2.366506224404958 0.19563248000839853 0.013791433863696008 0.0005898413696101625 2.891564679003508e-6 1. 0.15 2. mwd mwd
2.1424465135384407 0.16900360988093377 0.01374944083579918 0.0005344700173281246 2.937616515917825e-6 1. 0.15 2. mwd N100
1.604494780842239 0.12926133478223717 0.012597392779045976 0.0004383896856665298 2.9206306344565728e-6 1. 0.15 2. mwd w7dt
1.7722867948539895 0.07777832185599347 0.01200021132569236 0.0004024544860667078 5.7438719701123224e-6 1. 0.3 0.75 mwd hed8
2.7429484890332883 0.1920086589485485 0.013924783953793311 0.0005836393381995372 5.713745499665951e-6 1. 0.3 0.75 mwd mwd
2.389897087488362 0.16214051904726237 0.013366828035492002 0.00046859325476595476 5.842923664797392e-6 1. 0.3 0.75 mwd N100
1.8029351830170541 0.11853238822506076 0.012487650213322632 0.0004689856465930748 5.808068181200014e-6 1. 0.3 0.75 mwd w7dt
1.7582337840668156 0.07031113101149086 0.012635015029860046 0.0004370164589839508 5.704952314921904e-6 1. 0.3 2. mwd hed8
2.7288381315699626 0.18957889272498174 0.014069901673706812 0.0005949921254588784 5.713300485670888e-6 1. 0.3 2. mwd mwd
2.327417598721239 0.16086742654439723 0.012836323304570605 0.00045704448800752164 5.888638114954563e-6 1. 0.3 2. mwd N100
1.7739057681359471 0.11378510487043074 0.012701866589777035 0.0005362163029421649 5.8011331865469446e-6 1. 0.3 2. mwd w7dt
1.94935205097117 0.10202471193039284 0.012921594213481963 0.0005464190645358132 2.862062630005202e-6 1.4 0.15 0.75 mwd hed8
2.6767250929713935 0.20907364670018047 0.01355720397545804 0.0005242647786702181 2.8874498961542293e-6 1.4 0.15 0.75 mwd mwd
2.450755191071352 0.18638953541688252 0.013036823813396402 0.0004655679767195862 2.9532352817039563e-6 1.4 0.15 0.75 mwd N100
1.983958546551845 0.1448275501488679 0.013348862676095252 0.0006340601668317587 2.899090561617009e-6 1.4 0.15 0.75 mwd w7dt
1.9409807626801903 0.095949411940454 0.013445532789920946 0.0006604239214116979 2.8472006316475002e-6 1.4 0.15 2. mwd hed8
2.685817966334514 0.2070668954403438 0.013911884498249504 0.0005345307836664646 2.8796730510317196e-6 1.4 0.15 2. mwd mwd
2.406665487570651 0.1851578564108971 0.012703496460348948 0.00046466525353642407 2.968492545672084e-6 1.4 0.15 2. mwd N100
1.939175063746452 0.142402569713147 0.013058350765595222 0.0006675052700927188 2.9117290545990557e-6 1.4 0.15 2. mwd w7dt
2.088057185875208 0.08542855905162275 0.0129792960182714 0.000558522681032951 5.65749068160272e-6 1.4 0.3 0.75 mwd hed8
3.021438993088929 0.20333319764642305 0.014022518106002843 0.0005102541860052531 5.683468282937955e-6 1.4 0.3 0.75 mwd mwd
2.702240757066559 0.17570528019305026 0.013628095207451977 0.0005355598975970047 5.807758974718046e-6 1.4 0.3 0.75 mwd N100
2.0839147581108604 0.13560195958568383 0.012373814050236796 0.00048629454499545747 5.823858556896385e-6 1.4 0.3 0.75 mwd w7dt
2.040525018374984 0.0830319886027982 0.012701850206867388 0.00046275307418194124 5.6818637126101435e-6 1.4 0.3 2. mwd hed8
2.916138532342601 0.20434441661069425 0.01309448483842628 0.000471508692502118 5.759637757521773e-6 1.4 0.3 2. mwd mwd
2.6732540471499844 0.17340289261469435 0.013574853790894558 0.000508653032955786 5.821835017216375e-6 1.4 0.3 2. mwd N100
2.08988195495719 0.12889945864348254 0.013147679830748549 0.0005394418459219782 5.776379987810883e-6 1.4 0.3 2. mwd w7dt
2.239095531238353 0.06492968660884814 0.011905716021380736 0.0003925695594252873 0.000011220507978189026 1.4 0.6 0.75 mwd hed8
3.387175483825375 0.19526886113280653 0.013097618487697187 0.0005119052345112315 0.000011247883507868126 1.4 0.6 0.75 mwd mwd
3.0143985432038547 0.15662488976376443 0.013380613821288216 0.0004972004961188929 0.000011408005135276375 1.4 0.6 0.75 mwd N100
2.2697461065155196 0.11242741429206941 0.012153693223669769 0.00047448861365063157 0.000011447664855146939 1.4 0.6 0.75 mwd w7dt
2.212972270398411 0.059794652549347994 0.012121473932751037 0.0004658672121450415 0.000011198103028385038 1.4 0.6 2. mwd hed8
3.294726958030764 0.19593765655619533 0.012494800102189658 0.00046269059821576 0.000011367827126736397 1.4 0.6 2. mwd mwd
2.9499785591524272 0.15604189366143578 0.012984283914739398 0.0004884527223017092 0.000011485933005271138 1.4 0.6 2. mwd N100
2.2340434960410676 0.108745424117282 0.012155055363975724 0.0005112117313533641 0.00001147516691822597 1.4 0.6 2. mwd w7dt
2.38470022471378 0.03990070673040033 0.010936814945998964 0.00047393355979326595 0.000013533446544075907 1.4 0.75 0.75 mwd hed8
3.6960252045163124 0.1896188099563326 0.013097016208660646 0.00044626312835782027 0.000013881019487548019 1.4 0.75 0.75 mwd mwd
3.185133250075855 0.14106534550997793 0.012616100775126324 0.0005198322309995552 0.000014128077057256095 1.4 0.75 0.75 mwd N100
2.333820524377062 0.09971903518114483 0.011600704306920355 0.0005201500122040685 0.000014191763183368932 1.4 0.75 0.75 mwd w7dt
2.3294543180297387 0.03976016668323121 0.010680699579154684 0.00046845439712072317 0.000013617360768564843 1.4 0.75 2. mwd hed8
3.671013251927279 0.18779935345309048 0.013104105417396641 0.00044845050640135686 0.000013919913637724663 1.4 0.75 2. mwd mwd
3.125186231364144 0.14022370539122492 0.012329827404836555 0.0005011687391838575 0.00001421932994592584 1.4 0.75 2. mwd N100
2.2918347499447305 0.09654385292903286 0.011535675462900285 0.0004988520451980117 0.00001423688940918336 1.4 0.75 2. mwd w7dt
2.230950839511798 0.10540317597395671 0.013569635142758137 0.0006272889762665361 2.828129106613756e-6 1.8 0.15 0.75 mwd hed8
2.9309410076038773 0.21663326198156949 0.01356880319371537 0.0004781450067326375 2.875336753170647e-6 1.8 0.15 0.75 mwd mwd
2.7539091658230315 0.19328477637331473 0.013568530122865758 0.000584843952851767 2.9235617427256677e-6 1.8 0.15 0.75 mwd N100
2.2618475200961705 0.15276272696793902 0.01375122169864652 0.000683104411062929 2.8822703700572156e-6 1.8 0.15 0.75 mwd w7dt
2.172869670056147 0.10433076440875934 0.013065807267649276 0.0005108146359111656 2.8485025148678068e-6 1.8 0.15 2. mwd hed8
2.8831168737470225 0.21619811950740594 0.013215265184664858 0.0005233532260488398 2.8914570066663264e-6 1.8 0.15 2. mwd mwd
2.681517967132562 0.19334797831630435 0.012896377529441146 0.0004637360576200827 2.9511527304168987e-6 1.8 0.15 2. mwd N100
2.205555301136648 0.15129085998272984 0.013263434085570965 0.00046407665688790036 2.9008092032000114e-6 1.8 0.15 2. mwd w7dt
2.2940100227902422 0.09637880044375166 0.012564600443361554 0.00043399056481264786 5.664601911395556e-6 1.8 0.3 0.75 mwd hed8
3.179600736980857 0.21339480670680194 0.013303804939596113 0.0004348911002613193 5.708799014153155e-6 1.8 0.3 0.75 mwd mwd
2.9291791740400943 0.18609229259447954 0.013390540785317701 0.0005158021601553809 5.802012579615908e-6 1.8 0.3 0.75 mwd N100
2.3353341022603358 0.14509010514081033 0.012740175084141802 0.0005450775960303848 5.788866859884212e-6 1.8 0.3 0.75 mwd w7dt
2.30183461046485 0.08897993848348568 0.013216010627993774 0.00044391142905053264 5.622584535084295e-6 1.8 0.3 2. mwd hed8
3.199687067453762 0.2111146673864113 0.013681349248503553 0.000493031810467429 5.6916879016437824e-6 1.8 0.3 2. mwd mwd
2.9068257537486835 0.1839696939172943 0.013388037705364684 0.0005517382587734712 5.81000090860853e-6 1.8 0.3 2. mwd N100
2.2901365424346296 0.14317645616335642 0.012456263290599038 0.00043722146628954415 5.817652340669528e-6 1.8 0.3 2. mwd w7dt
2.448848737052527 0.07395463441957731 0.01224889678843732 0.00046479398939686405 0.000011125358765571614 1.8 0.6 0.75 mwd hed8
3.5654369963425703 0.20445446104540999 0.012989326704691597 0.0004912274483982765 0.00001120939886453621 1.8 0.6 0.75 mwd mwd
3.169092964567865 0.1716808735231226 0.01284045375946178 0.0004905322300440007 0.000011449744639573169 1.8 0.6 0.75 mwd N100
2.522184375116853 0.12384056397966935 0.012708857274872518 0.0004922536403767111 0.000011376865242010481 1.8 0.6 0.75 mwd w7dt
2.4230412234374534 0.06971180190020766 0.012360256223665019 0.0005055243013011711 0.000011118189959523449 1.8 0.6 2. mwd hed8
3.546758730622695 0.20292594415739593 0.01301269746467192 0.0004755069308496273 0.00001122984943914277 1.8 0.6 2. mwd mwd
3.1522778951310655 0.1689664107818399 0.012920540684914392 0.0004629358834530417 0.00001145683931548168 1.8 0.6 2. mwd N100
2.4978469856455368 0.11982470115094539 0.012833433688271724 0.00047223291632547584 0.000011376906907793425 1.8 0.6 2. mwd w7dt
2.512941418190914 0.06457199054809913 0.012027378099281963 0.00045804044133756973 0.000013791308574166763 1.8 0.75 0.75 mwd hed8
3.7257746456310903 0.19976737314855023 0.012855110032327874 0.0004131536095961733 0.000013883719626244744 1.8 0.75 0.75 mwd mwd
3.23878228523438 0.16576494987676904 0.01229114571248996 0.00047526869270492396 0.000014265416527724487 1.8 0.75 0.75 mwd N100
2.557711229810044 0.11624109675166823 0.012199341478841389 0.0005017255978718053 0.000014164132403661758 1.8 0.75 0.75 mwd w7dt
2.454784100556911 0.06417276866629677 0.011665985659560688 0.00045251249784434205 0.000013882815031224768 1.8 0.75 2. mwd hed8
3.6453542905087137 0.20013165694801682 0.012426700311996818 0.000426496086698647 0.00001400218401485628 1.8 0.75 2. mwd mwd
3.208178365855565 0.16382016787598006 0.012239361225064764 0.000469934627332521 0.000014307628294334762 1.8 0.75 2. mwd N100
2.547662509088006 0.11094072478860811 0.012533937515838178 0.0005536813642661071 0.000014119860026558726 1.8 0.75 2. mwd w7dt
2.3065033848967023 0.11055507549036891 0.01299821539902995 0.00046010027727399615 2.841507891219907e-6 2. 0.15 0.75 mwd hed8
3.0586258860106055 0.21930960066338298 0.013705855227781831 0.00047475039130422065 2.8628371457671483e-6 2. 0.15 0.75 mwd mwd
2.858490473272857 0.19694031926193517 0.01339953125197501 0.000512246758671325 2.922398006545394e-6 2. 0.15 0.75 mwd N100
2.3322930891498115 0.15842845912682224 0.013072945413059305 0.0005448812641841214 2.8999911540751615e-6 2. 0.15 0.75 mwd w7dt
2.2800295865459965 0.10694213747594733 0.01303177391231642 0.0005355071990879018 2.842733237087976e-6 2. 0.15 2. mwd hed8
2.9880712989382814 0.2194804778082547 0.013127741134904124 0.00043987449410457056 2.889189321101401e-6 2. 0.15 2. mwd mwd
2.8433980628773647 0.19520525574301809 0.013442154275406546 0.0004300874979209391 2.9242296445117962e-6 2. 0.15 2. mwd N100
2.3331284412621383 0.1541212035622923 0.013504725082469913 0.0004961965567936929 2.888976594777258e-6 2. 0.15 2. mwd w7dt
2.4038635600428506 0.09847107629123068 0.012724236086924414 0.0004886815182032178 5.640205068601492e-6 2. 0.3 0.75 mwd hed8
3.321068866042284 0.2157921126324622 0.01365618577868893 0.0004525681407868957 5.6669878886365065e-6 2. 0.3 0.75 mwd mwd
3.0082091658921493 0.19077791702987806 0.013063069106707298 0.0005079863102895229 5.809954086472203e-6 2. 0.3 0.75 mwd N100
2.4568173886533637 0.1481384684969916 0.013015723296433376 0.0005118853243409556 5.76246764944833e-6 2. 0.3 0.75 mwd w7dt
2.3738362292350663 0.09516853574799172 0.012712447157002137 0.0005224085657685945 5.646955577155342e-6 2. 0.3 2. mwd hed8
3.239060175110102 0.21620817805253964 0.013064958343419763 0.000458824714931024 5.723256477200592e-6 2. 0.3 2. mwd mwd
2.9642266705044773 0.1898573553090507 0.012810751795006656 0.0004563162021373143 5.838244685545797e-6 2. 0.3 2. mwd N100
2.414172249293326 0.14618620006707334 0.012787941777809708 0.0004695414659420472 5.7866313776939e-6 2. 0.3 2. mwd w7dt
2.5056901765337853 0.08182047044029252 0.011746733343432594 0.00045431471324729775 0.000011180319144654441 2. 0.6 0.75 mwd hed8
3.657306433836561 0.2079454202680732 0.013008084618925206 0.00043959397364660275 0.000011181554447855539 2. 0.6 0.75 mwd mwd
3.2450451315323754 0.1770024684419082 0.01264741766567272 0.00042944662056127646 0.000011452338806307055 2. 0.6 0.75 mwd N100
2.6351949361632006 0.12802640462101889 0.012914160835140472 0.0005361983818456177 0.000011331204111074827 2. 0.6 0.75 mwd w7dt
2.4948178050985113 0.07638016143688729 0.012040584733525614 0.0004474089742799912 0.000011146992627519804 2. 0.6 2. mwd hed8
3.608691339369526 0.20738257938129206 0.012790230892911137 0.0005035714891385727 0.000011238740496711971 2. 0.6 2. mwd mwd
3.2194501465764307 0.1753227740574046 0.012618841876345382 0.00045654005181701776 0.000011477257805664144 2. 0.6 2. mwd N100
2.5736752529411446 0.12755897702607308 0.01247730150374368 0.0004905577435139076 0.000011420558798296573 2. 0.6 2. mwd w7dt
2.5724570945451006 0.0717373498010326 0.01172148790499145 0.00043186863665954834 0.000013831350041519955 2. 0.75 0.75 mwd hed8
3.821314504475694 0.20298616659023197 0.012940032782467524 0.0004639890980156986 0.000013839110240365543 2. 0.75 0.75 mwd mwd
3.3758539921554007 0.16832776411937037 0.01275388126972027 0.0005096073981621716 0.000014149095883390022 2. 0.75 0.75 mwd N100
2.665169233360143 0.12141838312791227 0.012379214174603208 0.0004973724495115355 0.0000141255333775796 2. 0.75 0.75 mwd w7dt
2.5748690794158784 0.06445844820061508 0.012237225180153811 0.00045833313714986726 0.000013740950727701358 2. 0.75 2. mwd hed8
3.7421079564060573 0.20329558220389515 0.012534909056757209 0.0004247689230960618 0.000013948840519541547 2. 0.75 2. mwd mwd
3.3381178493240378 0.1669377401826042 0.012633294234575565 0.00044721482885516975 0.000014197684222639806 2. 0.75 2. mwd N100
2.6377330564020114 0.1181885056479194 0.01242423210655258 0.0004389045986597273 0.000014140130505826887 2. 0.75 2. mwd w7dt
1.2269225317997172 0.09673278459777875 0.012406817306193247 0.0006526475367728027 2.8842704493264083e-6 0.75 0.15 0.75 N100 hed8
1.822630948827749 0.1937933935168713 0.012165643191767037 0.0005116367110250523 2.949721875539292e-6 0.75 0.15 0.75 N100 mwd
1.6611489005104163 0.16883555390175314 0.012517199729798194 0.0004965703847759688 3.0534259984952537e-6 0.75 0.15 0.75 N100 N100
1.2154745581088653 0.12632858591007567 0.010365877951504487 0.0003740435182223633 2.9963297449365863e-6 0.75 0.15 0.75 N100 w7dt
1.18196901956912 0.09332634173369317 0.01203889245813619 0.0004632486791987851 2.8965228794200896e-6 0.75 0.15 2. N100 hed8
1.7834078031695517 0.1916842874827398 0.011846512905616783 0.0004022346817619166 2.962480795075949e-6 0.75 0.15 2. N100 mwd
1.6143517689953542 0.1663046589503228 0.012048930427103895 0.0004609829248651076 3.070904566734653e-6 0.75 0.15 2. N100 N100
1.1910166122668397 0.1201783449460277 0.01101689998084197 0.0005278485543191285 2.973581634023064e-6 0.75 0.15 2. N100 w7dt
1.417994373635283 0.08132858062357703 0.012293940323560513 0.0005734356792236084 5.766787464623663e-6 0.75 0.3 0.75 N100 hed8
2.1748142242013806 0.19279130885509363 0.012776898131947479 0.00046715668617988037 5.8583139516673355e-6 0.75 0.3 0.75 N100 mwd
1.970939461216913 0.15945922704132245 0.013774949605258453 0.00047691465089555435 6.020852172299051e-6 0.75 0.3 0.75 N100 N100
1.4293848420660766 0.10836428370430087 0.011940966548306604 0.00038367508814264595 5.876946540327027e-6 0.75 0.3 0.75 N100 w7dt
1.387923135352036 0.0753565288197046 0.012712157732182126 0.0005279686416619204 5.744182208097658e-6 0.75 0.3 2. N100 hed8
2.1567468106706116 0.1897021942436935 0.012976722714888287 0.00044595438104378065 5.848066334403005e-6 0.75 0.3 2. N100 mwd
1.9174618787934603 0.1566197284935211 0.013369572327599355 0.0005018999412424928 6.050786794933324e-6 0.75 0.3 2. N100 N100
1.5746171890002756 0.19840986275159683 0.012171451745193233 0.0004522360174912711 5.72513672036412e-6 0.75 0.3 2. N100 w7dt
1.4685645419301678 0.10620894277115994 0.01258422787399202 0.0005728448945949873 2.8870392349186312e-6 1. 0.15 0.75 N100 hed8
2.055896275636676 0.20498580577478498 0.012324364479034872 0.00048376886982948836 2.953296286393514e-6 1. 0.15 0.75 N100 mwd
1.9342860380972016 0.18431020942681844 0.012770152732998825 0.0005512737535041842 2.9384572662582448e-6 1. 0.15 0.75 N100 N100
1.510553669700267 0.13470380319053965 0.012417458957666234 0.0005610244026361272 2.9406969267458457e-6 1. 0.15 0.75 N100 w7dt
1.4552965488343856 0.10026428450309692 0.013273917326935425 0.0005540503075286102 2.869396561304422e-6 1. 0.15 2. N100 hed8
2.076278852580328 0.20181103499831857 0.013156437967669035 0.0005879645215880967 2.9289044335652284e-6 1. 0.15 2. N100 mwd
1.901577954110406 0.18186237630707103 0.012612751657816935 0.00047060603347284677 2.9456545241357296e-6 1. 0.15 2. N100 N100
1.4599698094961504 0.13228873297096266 0.01185574853648888 0.0006643859224710894 2.959544712147708e-6 1. 0.15 2. N100 w7dt
1.6074965136905213 0.09480713635800417 0.011995233872387238 0.000528163383444431 5.794775167048071e-6 1. 0.3 0.75 N100 hed8
2.413158386444721 0.20241378545124453 0.01348620060541097 0.0005450078848398918 5.813648964303166e-6 1. 0.3 0.75 N100 mwd
2.178472496571451 0.17806211067095945 0.013196835572912865 0.000588010089318463 5.834624653535302e-6 1. 0.3 0.75 N100 N100
1.646444748042311 0.12480647371902957 0.011809280514242345 0.00042413364045040477 5.9082942217832945e-6 1. 0.3 0.75 N100 w7dt
1.608290008826702 0.08606272346605648 0.013135169586621104 0.0006345322704479016 5.727055828215204e-6 1. 0.3 2. N100 hed8
2.379852338928423 0.20042706196161572 0.013346587385226788 0.0004653285223282218 5.82984880821296e-6 1. 0.3 2. N100 mwd
2.1641078458667873 0.17459474184448517 0.013435677214216804 0.0005777485759067564 5.824246017398852e-6 1. 0.3 2. N100 N100
1.610653300121315 0.12102045332454622 0.01179713051333513 0.0003128444227635597 5.911117072887453e-6 1. 0.3 2. N100 w7dt
1.78305639006614 0.11556008783208929 0.012938720678417462 0.0005632782709812506 2.8792595462096306e-6 1.4 0.15 0.75 N100 hed8
2.4017206374328524 0.21578673548432076 0.013191918053699023 0.0004645102510452867 2.92751610780329e-6 1.4 0.15 0.75 N100 mwd
2.291232865731084 0.1932066907167146 0.01370292147960239 0.0005719352497122594 3.0282453490105372e-6 1.4 0.15 0.75 N100 N100
1.8308463775715578 0.1479727577106068 0.012648592486333387 0.00042414274475693474 2.941923362895359e-6 1.4 0.15 0.75 N100 w7dt
1.791894321145785 0.10831430785362355 0.01393270717929845 0.0005640160302714007 2.8509160299694204e-6 1.4 0.15 2. N100 hed8
2.3409516111404836 0.21526816769256663 0.012528153819435709 0.0005134677580363042 2.9534655230132948e-6 1.4 0.15 2. N100 mwd
2.2546483717263004 0.1914893263873938 0.013460509785894376 0.0005105883350182625 3.0393453982464006e-6 1.4 0.15 2. N100 N100
1.7906196189115717 0.14540632277900545 0.012371057520385776 0.00043593215287126885 2.953866342865685e-6 1.4 0.15 2. N100 w7dt
1.9675819187247454 0.09833723437393851 0.014128553821110652 0.0006393691702056604 5.655192221407364e-6 1.4 0.3 0.75 N100 hed8
2.743625318276376 0.21297467981464765 0.014310508352698694 0.000542350728489118 5.754698642520788e-6 1.4 0.3 0.75 N100 mwd
2.490886558185282 0.18738096423121617 0.013823568857533492 0.0005623564857829467 6.021048740449793e-6 1.4 0.3 0.75 N100 N100
1.980287350649483 0.13677254386136375 0.012992095081984572 0.00048799991753885335 5.838537669783119e-6 1.4 0.3 0.75 N100 w7dt
1.9018622953405817 0.09780562062675095 0.013384778221144667 0.0004890695550075028 5.705278684685737e-6 1.4 0.3 2. N100 hed8
2.7078164164751253 0.21147987289986722 0.014128428596635247 0.0005607121017318523 5.774822768556355e-6 1.4 0.3 2. N100 mwd
2.517499170268458 0.18337639773963937 0.014544090935192643 0.0006848478543365383 5.981180493804651e-6 1.4 0.3 2. N100 N100
1.9627336330266003 0.13243930298760492 0.013273220327640126 0.00048827757001075763 5.824187226146342e-6 1.4 0.3 2. N100 w7dt
2.1611075172432157 0.07727307599572922 0.01356968701315684 0.0005208822418375927 0.000011223070647854797 1.4 0.6 0.75 N100 hed8
3.1282135579214603 0.20767956990337239 0.013996462754829343 0.00047929203103159963 0.00001140108297483105 1.4 0.6 0.75 N100 mwd
2.8166490199550256 0.1730951468497214 0.013994462211733654 0.0005068568209788 0.000011868678106830057 1.4 0.6 0.75 N100 N100
2.2005522862331053 0.11322717818099663 0.01338694220929182 0.0005622532353804503 0.000011467828342732174 1.4 0.6 0.75 N100 w7dt
2.1231157183887643 0.07394155687882208 0.01352660690211893 0.0004990540676702081 0.0000112413558457557 1.4 0.6 2. N100 hed8
3.1028725123771865 0.20592187743011417 0.013982939505500721 0.0004887811507778441 0.000011420203826622368 1.4 0.6 2. N100 mwd
2.790016943784385 0.17028251363167118 0.014008171498538707 0.0004302648342724683 0.000011884001368644325 1.4 0.6 2. N100 N100
2.1614749497499566 0.10982657383207604 0.013351713302643075 0.0006060700601252325 0.000011488506928001896 1.4 0.6 2. N100 w7dt
2.2523382267617067 0.055493311096591544 0.012735454710157204 0.0004058529663773924 0.000013851491409611223 1.4 0.75 0.75 N100 hed8
3.2326515728003202 0.21051464424946684 0.013730855458140572 0.00040947729870037265 0.000014268245611154343 1.4 0.75 0.75 N100 mwd
2.191900452278639 0.1022777571593225 0.013142696704603662 0.0006056448092552072 0.00001485074999483902 1.4 0.75 0.75 N100 N100
1.7574993861600177 0.07304884014584069 0.01288806500272304 0.0005728011540487515 0.000014337649754697305 1.4 0.75 0.75 N100 w7dt
2.2280778382833377 0.0510286852250685 0.013003774640108318 0.0005718877381941992 0.00001382512150851359 1.4 0.75 2. N100 hed8
3.2289151838556314 0.20791181108035442 0.013923951872325976 0.00046638911841868246 0.000014260062649604731 1.4 0.75 2. N100 mwd
2.2060586622370644 0.0983147421286296 0.013730122357295281 0.0005572552762964648 0.000014771292220507506 1.4 0.75 2. N100 N100
1.714802044716128 0.07292792597577381 0.012458238776346414 0.0004226396675632855 0.000014429951330931946 1.4 0.75 2. N100 w7dt
2.052015352319204 0.12006568524118638 0.01347887024842128 0.00052421761465851 2.8587602124639718e-6 1.8 0.15 0.75 N100 hed8
2.6997195596838393 0.22328560449274193 0.01382536907284966 0.0006149954970806164 2.9017940047843387e-6 1.8 0.15 0.75 N100 mwd
2.6215640744153172 0.20055297952756446 0.014577738622034571 0.0006084125569704921 2.9949408440113857e-6 1.8 0.15 0.75 N100 N100
2.1078315685578923 0.1554906617377817 0.01318262934927435 0.0004726888778256687 2.92472297401887e-6 1.8 0.15 0.75 N100 w7dt
2.057110994836496 0.11425032512795576 0.014143507683118582 0.0005687971095415075 2.8403097411017725e-6 1.8 0.15 2. N100 hed8
2.7013993608278852 0.22170714181292328 0.014060602483603296 0.0005667776222006172 2.89906223663616e-6 1.8 0.15 2. N100 mwd
2.581673747060353 0.1991718747161724 0.014309090034191735 0.0006418072254210027 3.007809890897166e-6 1.8 0.15 2. N100 N100
2.070483191245913 0.15320366708168753 0.01298126918773472 0.0004893869609700848 2.9352956615054833e-6 1.8 0.15 2. N100 w7dt
2.180379365883563 0.10825651626363823 0.013682988858670617 0.0006295935705541335 5.669387464317974e-6 1.8 0.3 0.75 N100 hed8
2.9821084823907977 0.2213782168707729 0.014347989622730921 0.0004671763680907679 5.737918890870864e-6 1.8 0.3 0.75 N100 mwd
2.777398425774682 0.19580720397039098 0.014314858853776844 0.0005492326593794949 5.974629895020002e-6 1.8 0.3 0.75 N100 N100
2.2524017182435556 0.14510319596991295 0.01360980860643664 0.0005146078464874102 5.793648886419772e-6 1.8 0.3 0.75 N100 w7dt
2.1322267723559203 0.10635960427078552 0.013351701095466326 0.0006016074654564886 5.695860406576246e-6 1.8 0.3 2. N100 hed8
2.914081901151356 0.22065511265114113 0.013811109571854217 0.0005153855218322029 5.781518676053208e-6 1.8 0.3 2. N100 mwd
2.7425811142576104 0.19404887612052463 0.014156158775062948 0.0005602363523552818 5.99230816046119e-6 1.8 0.3 2. N100 N100
2.2277329399144987 0.14182565257010477 0.013691543757252978 0.0005361240341645787 5.797929558558579e-6 1.8 0.3 2. N100 w7dt
2.358012810096705 0.08856205039004814 0.013564471795772467 0.0004927317520980064 0.000011199683949923807 1.8 0.6 0.75 N100 hed8
3.342466989720288 0.21645856262756083 0.014118843049321027 0.00045618319479059124 0.000011349173963245608 1.8 0.6 0.75 N100 mwd
2.9714098961007505 0.18703228912460493 0.013371884234492511 0.00042778231541932426 0.000011930832839072783 1.8 0.6 0.75 N100 N100
2.4376948206818017 0.12608123153015385 0.013643281579791815 0.0005670352921566296 0.000011435073349449358 1.8 0.6 0.75 N100 w7dt
2.3024014804423105 0.0871806549752551 0.013201666187039723 0.0005448411063380154 0.000011264941143826745 1.8 0.6 2. N100 hed8
3.312726796788499 0.2149084615647336 0.01405030435466156 0.0004593614111329304 0.000011380183300125452 1.8 0.6 2. N100 mwd
3.0065314779413974 0.1824952303117632 0.014009702430355608 0.0005482269581258261 0.000011856942859047503 1.8 0.6 2. N100 N100
2.40128440917265 0.12312497494088476 0.013581433598596607 0.0005064614288607888 0.00001146300361593066 1.8 0.6 2. N100 w7dt
2.4659854288736107 0.07689402107905258 0.013898184452274497 0.0006086481869946299 0.000013840274092752445 1.8 0.75 0.75 N100 hed8
3.498243705928618 0.21330515889721463 0.014046447094663387 0.0004533938393337451 0.000014094941352291149 1.8 0.75 0.75 N100 mwd
3.1658426212796935 0.17804088081912436 0.014071640060208801 0.0005707746629577659 0.000014683579540117776 1.8 0.75 0.75 N100 N100
2.544609927282367 0.11372602864117766 0.014099279722805861 0.0005697447654013601 0.000014101132789600638 1.8 0.75 0.75 N100 w7dt
2.397842580317712 0.07687047988307713 0.013369087279600289 0.0005363158341702438 0.000013942798349334293 1.8 0.75 2. N100 hed8
3.4633236190659415 0.21199488407525796 0.013948267016140799 0.000469325671353402 0.000014144529421899468 1.8 0.75 2. N100 mwd
3.101206040590619 0.17721668043353309 0.013696621483899465 0.0004669078217712638 0.000014772806110392774 1.8 0.75 2. N100 N100
2.4381944052860165 0.11623745563336872 0.013020481320845939 0.0004963608036433477 0.000014315372290734876 1.8 0.75 2. N100 w7dt
2.194471578526445 0.12013939602936437 0.014086266894564591 0.0006177774382495225 2.836089641992125e-6 2. 0.15 0.75 N100 hed8
2.8534664503319567 0.22601476496449655 0.014292335629689668 0.0005679140084107946 2.8831140694384675e-6 2. 0.15 0.75 N100 mwd
2.7030096609736494 0.20803243056537207 0.01387207948721725 0.0005176886874559652 2.8993333461789628e-6 2. 0.15 0.75 N100 N100
2.240522526783308 0.15782202107631133 0.013570981366170957 0.000502231873910587 2.9104997551920223e-6 2. 0.15 0.75 N100 w7dt
2.145943435664453 0.11846033522077926 0.013693093418501933 0.0006247359414907126 2.850500052568254e-6 2. 0.15 2. N100 hed8
2.7680077481138605 0.22581710603005023 0.01346992414342673 0.0005421259407498376 2.9144380967269738e-6 2. 0.15 2. N100 mwd
2.661830476279329 0.20696553776577473 0.013576823216442421 0.0005231160087382923 2.9128286519962723e-6 2. 0.15 2. N100 N100
2.222683743822906 0.1545624235304004 0.01369856985251525 0.0005166819611796312 2.9098998610444067e-6 2. 0.15 2. N100 w7dt
2.3039425679274483 0.10946436594784772 0.014033693620753912 0.0005848131021409952 5.638782817091876e-6 2. 0.3 0.75 N100 hed8
3.110443603800853 0.2244790184034784 0.0145696323237078 0.0006373713521536956 5.713651641497281e-6 2. 0.3 0.75 N100 mwd
2.892527406460191 0.2031600436714971 0.014143079581698907 0.0005548709097483921 5.749594902087613e-6 2. 0.3 0.75 N100 N100
2.370370159255168 0.14832300997665213 0.013801727463178539 0.0005744480222752852 5.776588816987289e-6 2. 0.3 0.75 N100 w7dt
2.2629736474477458 0.1072830827766587 0.013826571749028897 0.0005820268711691556 5.65656898805008e-6 2. 0.3 2. N100 hed8
3.1072496930971707 0.222912519807109 0.014723385350851735 0.000552082117569539 5.71385596629307e-6 2. 0.3 2. N100 mwd
2.878760656071975 0.20108820521085288 0.01421855451426159 0.0005048908979611528 5.751706135246606e-6 2. 0.3 2. N100 N100
2.3061741585839037 0.14757814641966951 0.013211714380672437 0.0005491768460387935 5.825325860255791e-6 2. 0.3 2. N100 w7dt
2.436988124494701 0.09394619739033147 0.01334451225574231 0.000510293604153803 0.000011211665973792933 2. 0.6 0.75 N100 hed8
3.4513383417495476 0.21983542286779797 0.014242536357559078 0.0004804581786571786 0.000011314427480489604 2. 0.6 0.75 N100 mwd
3.1180270602503506 0.19434876673628934 0.013640480205261048 0.00045113261303257417 0.000011421999549167862 2. 0.6 0.75 N100 N100
2.5549490711991876 0.13002461010235894 0.013884032213208075 0.0005013760086942193 0.000011398182082238466 2. 0.6 0.75 N100 w7dt
2.3849243200154255 0.09243977003851674 0.013027726928880035 0.0005103238420058186 0.00001126978545948395 2. 0.6 2. N100 hed8
3.4239735018914184 0.21842702544437093 0.014187890952424662 0.0005137836312036459 0.00001134201207531676 2. 0.6 2. N100 mwd
3.103101067241929 0.19226934614068797 0.013712998239910755 0.0005147809850323269 0.000011431285140040715 2. 0.6 2. N100 N100
2.504535545393009 0.1285107524310444 0.013595617032135762 0.0005141659419063212 0.000011454966856931044 2. 0.6 2. N100 w7dt
2.4713925688859284 0.08897413870986229 0.012725018281240617 0.00039675246048530684 0.00001402521318799998 2. 0.75 0.75 N100 hed8
3.570411742028131 0.2177258090978422 0.013907321902346484 0.0004475668019827185 0.000014097599981181939 2. 0.75 0.75 N100 mwd
3.274407444216958 0.18767413999970173 0.0139838576970611 0.0005129416615183544 0.000014124612731212655 2. 0.75 0.75 N100 N100
2.592648242227075 0.12328140768977798 0.013406041383553623 0.0004147121015541412 0.000014221461748586945 2. 0.75 0.75 N100 w7dt
2.4601405987257823 0.0839304911163445 0.013026467778373702 0.00047204257703959367 0.000013992847612207985 2. 0.75 2. N100 hed8
3.529734191742211 0.2164578178411174 0.013761062728955107 0.0004953439504065055 0.000014151502498644619 2. 0.75 2. N100 mwd
3.1993155887373304 0.187424810597527 0.013494542342219648 0.00048793980821433444 0.00001423038320187138 2. 0.75 2. N100 N100
2.5516921944183517 0.12113917437623249 0.013273908376350991 0.0004514244378753665 0.000014268974677944823 2. 0.75 2. N100 w7dt
1.2818243553351745 0.054293050955581665 0.012865019029769591 0.0008172121743014275 2.8280634891777216e-6 0.75 0.15 0.75 w7dt hed8
2.0439036668113335 0.17748169647169315 0.012497577155703274 0.0004643026238643106 2.97608085745691e-6 0.75 0.15 0.75 w7dt mwd
1.806503851369419 0.1433435660125575 0.012444332006848427 0.0006200216624273968 3.000634037547935e-6 0.75 0.15 0.75 w7dt N100
1.2112824382406704 0.10132863142571881 0.01174226102828847 0.0006772113525234594 2.9263026371356006e-6 0.75 0.15 0.75 w7dt w7dt
1.2415397544340567 0.050086124062726674 0.012791314350564261 0.0005441845528154439 2.8373829287366748e-6 0.75 0.15 2. w7dt hed8
2.0225628988921938 0.17526783897609113 0.012546038966556148 0.0004827975970914277 2.9769932768668398e-6 0.75 0.15 2. w7dt mwd
1.7801672314952186 0.13998115602847333 0.012493585462352581 0.0005158705043199214 3.0015420097766337e-6 0.75 0.15 2. w7dt N100
1.159113432904599 0.09919926242113827 0.010974440372387437 0.0003997793258624271 2.954426222855452e-6 0.75 0.15 2. w7dt w7dt
1.4370473527754193 0.03721957249785192 0.011749559836422913 0.000457272024832842 5.6707310822348844e-6 0.75 0.3 0.75 w7dt hed8
2.4024803535135955 0.1713722169613031 0.012451920468225734 0.0004565511186576597 5.902187954767875e-6 0.75 0.3 0.75 w7dt mwd
2.08728783897989 0.12875276149588913 0.012671676307074485 0.0005115604317531217 5.92808404488464e-6 0.75 0.3 0.75 w7dt N100
1.3997398540803745 0.08090392264647053 0.012192067064888894 0.000641372480883626 5.784725386054414e-6 0.75 0.3 0.75 w7dt w7dt
1.4051019552920967 0.03058176800115964 0.012222552171275509 0.0005044127817933726 5.650159253919283e-6 0.75 0.3 2. w7dt hed8
2.406524968065221 0.16740381853673655 0.01291465683174085 0.0005282401695557045 5.8773915252525584e-6 0.75 0.3 2. w7dt mwd
2.065791823607286 0.12446161633927871 0.012884126616249474 0.0006223771267939704 5.919899662433459e-6 0.75 0.3 2. w7dt N100
1.3648610376200256 0.07598651834967604 0.012383242862647269 0.0005409246854318506 5.779002046114115e-6 0.75 0.3 2. w7dt w7dt
1.497845341652526 0.06399212617758182 0.012575561524470438 0.0006880668978421467 2.835226898567877e-6 1. 0.15 0.75 w7dt hed8
2.295378808151748 0.18742007208295677 0.013129851602351701 0.0006094584557192066 2.9519232954180243e-6 1. 0.15 0.75 w7dt mwd
1.9736602553153035 0.16149019447786167 0.010930020891945067 0.00042307737864416073 3.0601737243146566e-6 1. 0.15 0.75 w7dt N100
1.4480262926272707 0.11417715807003151 0.011933077271165979 0.0004970041096395859 2.928300418658772e-6 1. 0.15 0.75 w7dt w7dt
1.4323167782124926 0.06442128048450531 0.01145265582215572 0.0005155339580995927 2.8795292780352038e-6 1. 0.15 2. w7dt hed8
2.260485392605704 0.18640089587707886 0.012890749767431936 0.000605298370664935 2.964392863497899e-6 1. 0.15 2. w7dt mwd
1.9851979183499229 0.15609466230601401 0.011713836810412485 0.00042474835268959917 3.029489179118731e-6 1. 0.15 2. w7dt N100
1.4412989964083385 0.10746459942125311 0.01287674972693839 0.00048450438243496463 2.9006522484947964e-6 1. 0.15 2. w7dt w7dt
1.6399901257040874 0.04501965971123149 0.012336940869444937 0.0006036391054229767 5.6141149664159445e-6 1. 0.3 0.75 w7dt hed8
2.6257752206302074 0.18094712409354907 0.013021278799925696 0.0005363614871226187 5.8475569671504585e-6 1. 0.3 0.75 w7dt mwd
2.284155203826611 0.14404642233187598 0.012542858359444912 0.0005909303841762868 5.927962007297726e-6 1. 0.3 0.75 w7dt N100
1.639989868486205 0.0935825186689786 0.012931157603276539 0.0006705898785508927 5.751699252708915e-6 1. 0.3 0.75 w7dt w7dt
1.5952302347472314 0.041495646420450165 0.012189281978456439 0.0005175614301253202 5.635883323491116e-6 1. 0.3 2. w7dt hed8
2.614506306783106 0.17853150743495774 0.013179681885884153 0.000580370614902298 5.847821011867464e-6 1. 0.3 2. w7dt mwd
2.275853874637511 0.13997559605054113 0.012860213003690044 0.0004930067010499145 5.908994698689267e-6 1. 0.3 2. w7dt N100
1.589970679201086 0.09131084499303672 0.01250410872124311 0.0005994956243678064 5.78738806381588e-6 1. 0.3 2. w7dt w7dt
1.7800325067370264 0.0727628985973353 0.012567786139383703 0.0005486369743584057 2.824155471108403e-6 1.4 0.15 0.75 w7dt hed8
2.571445487041702 0.19953882872181247 0.012984192472438027 0.0004931174237005728 2.947860214468079e-6 1.4 0.15 0.75 w7dt mwd
2.339973741093937 0.17020678794028762 0.012327891792309666 0.0006345446323539023 2.9951847219783363e-6 1.4 0.15 0.75 w7dt N100
1.782871415177758 0.123873582718227 0.013093858786461384 0.000532704404534083 2.895267169213774e-6 1.4 0.15 0.75 w7dt w7dt
1.7303055490695023 0.07183119578482601 0.012043116722631654 0.0005290866300451905 2.8451239116516298e-6 1.4 0.15 2. w7dt hed8
2.5382080246564858 0.19880144833367575 0.012747157431214547 0.0005107813229640083 2.9602525550022906e-6 1.4 0.15 2. w7dt mwd
2.345906999093161 0.16660299390563071 0.012770495058609218 0.0005444138709941407 2.979324736539421e-6 1.4 0.15 2. w7dt N100
1.7548295847293263 0.12042372436738143 0.013134239743971661 0.0005565630909684433 2.897059851978075e-6 1.4 0.15 2. w7dt w7dt
1.8860083817729325 0.05753524198527171 0.012119137592559996 0.0004623076488267607 5.607343367204983e-6 1.4 0.3 0.75 w7dt hed8
2.8455387500663725 0.1943208682333993 0.012688432424372368 0.00042605491045394014 5.849795618585634e-6 1.4 0.3 0.75 w7dt mwd
2.5335338275567345 0.16041126482285692 0.01220711849507384 0.0004534925446793659 5.929153802246236e-6 1.4 0.3 0.75 w7dt N100
1.9218320996041678 0.10937267573240858 0.012980499826336783 0.0006079011643236465 5.754415005508576e-6 1.4 0.3 0.75 w7dt w7dt
1.8464585332041552 0.05551302315450094 0.011892922286150857 0.0005064286970824192 5.63034867764041e-6 1.4 0.3 2. w7dt hed8
2.8433572446521884 0.19236046673230173 0.012868130774621683 0.00041655041440365854 5.844722920293861e-6 1.4 0.3 2. w7dt mwd
2.5171843234791043 0.1577652296671848 0.012282233340501467 0.00046951530097244526 5.929853841603805e-6 1.4 0.3 2. w7dt N100
1.8812144468473277 0.10687479357850267 0.012751612051172697 0.0006208119256850152 5.774616516568745e-6 1.4 0.3 2. w7dt w7dt
2.017450463850451 0.04056639793682997 0.010974274165586148 0.00039553726638655084 0.000011105875253462176 1.4 0.6 0.75 w7dt hed8
3.217910216287609 0.18336839132979746 0.012097190401686287 0.0004360861682782118 0.000011502887256867448 1.4 0.6 0.75 w7dt mwd
2.790194077023143 0.14248874828995198 0.011587101221599502 0.00042354681165514973 0.000011683723814438705 1.4 0.6 0.75 w7dt N100
2.0459707802868348 0.08885791026444051 0.011727214407065532 0.00045271516309063027 0.000011446219873774422 1.4 0.6 0.75 w7dt w7dt
1.9766520417487323 0.03922171835463095 0.010787844182389116 0.00039210024341290413 0.000011152407090589289 1.4 0.6 2. w7dt hed8
3.208437850975072 0.18120389050127303 0.012207186575891317 0.000439363216486242 0.000011512759722153017 1.4 0.6 2. w7dt mwd
2.7472373781980552 0.14160967149323292 0.011343917596854556 0.00039469324803580093 0.000011742991962957842 1.4 0.6 2. w7dt N100
2.0205960670023533 0.08453086132230948 0.011899166924580602 0.0005459122995690987 0.000011437444728294993 1.4 0.6 2. w7dt w7dt
2.0290972907869707 0.03395392149359209 0.010632331213927183 0.0004286840806998156 0.000013697831127588545 1.4 0.75 0.75 w7dt hed8
3.402248681458392 0.17748557242864374 0.012137641215885238 0.00042666419817630424 0.000014217775074444407 1.4 0.75 0.75 w7dt mwd
2.839678009462014 0.12934997653679392 0.01033722364572972 0.0004089017233933245 0.000014489202428714695 1.4 0.75 0.75 w7dt N100
2.012000229356029 0.08439680815613951 0.009841710559608682 0.0003979309789033116 0.000014335340728080723 1.4 0.75 0.75 w7dt w7dt
1.996782888361982 0.03360687132905643 0.01068228881495732 0.000423680908386153 0.000013707101815462653 1.4 0.75 2. w7dt hed8
3.3445453521440203 0.17750972277866714 0.011824223437453742 0.0004102939482987136 0.000014318180630191352 1.4 0.75 2. w7dt mwd
2.8227163691387767 0.12618333566736767 0.010431122085200872 0.00042194167765487807 0.00001448843225644674 1.4 0.75 2. w7dt N100
2.003792432239983 0.07671300644387789 0.010447621899656107 0.0004821944854129087 0.0000142216248322169 1.4 0.75 2. w7dt w7dt
1.9873557210991497 0.08062757589489121 0.012169050841409476 0.0005298194643840342 2.8248996478855496e-6 1.8 0.15 0.75 w7dt hed8
2.811424460437582 0.20720963687718763 0.013027598271915922 0.0005659548697497512 2.9343408943675178e-6 1.8 0.15 0.75 w7dt mwd
2.604017984391789 0.17780867703432124 0.012594802597531003 0.0005152519501206635 2.9709555949446947e-6 1.8 0.15 0.75 w7dt N100
1.9990091352958088 0.13453390889753078 0.012598722170697003 0.0005455048247565066 2.908314977954327e-6 1.8 0.15 0.75 w7dt w7dt
1.9616585717038202 0.07693559764039287 0.012206702675070479 0.00048396101798103516 2.825724967951897e-6 1.8 0.15 2. w7dt hed8
2.8236355572041134 0.20529357840280843 0.013355448688028078 0.0005578558685270337 2.9266154095586377e-6 1.8 0.15 2. w7dt mwd
2.6084650746862965 0.17482697716593226 0.012908783651403433 0.0005272011224239216 2.961452430563811e-6 1.8 0.15 2. w7dt N100
1.9839192774650887 0.13053714190141935 0.01283927427376211 0.0005507815745099536 2.903019386298773e-6 1.8 0.15 2. w7dt w7dt
2.0578011284411355 0.07037381464859875 0.011352461121122485 0.0004926847879830477 5.639662794802671e-6 1.8 0.3 0.75 w7dt hed8
3.023499585980067 0.20397997799575915 0.01237226555531005 0.0004900473104661488 5.8479524565459314e-6 1.8 0.3 0.75 w7dt mwd
2.730217931629239 0.17150098719614085 0.011890461486851007 0.0005294721636898773 5.927836581441206e-6 1.8 0.3 0.75 w7dt N100
2.108590198193999 0.1232959616625829 0.012245181045936844 0.00046223401973847757 5.798395797701788e-6 1.8 0.3 0.75 w7dt w7dt
2.028923651796993 0.06733426005017802 0.011317183375682553 0.00047774026333032677 5.647955037927012e-6 1.8 0.3 2. w7dt hed8
3.040042098093623 0.20154971182977796 0.012713081524535343 0.000462549618347156 5.8288700885835914e-6 1.8 0.3 2. w7dt mwd
2.7418043817274325 0.16785803907207628 0.012276103609510187 0.0005486015608134312 5.903429630099026e-6 1.8 0.3 2. w7dt N100
2.101802853800737 0.11826219355726796 0.012661083487907832 0.0004995500080887847 5.776272798888016e-6 1.8 0.3 2. w7dt w7dt
2.1798782524205467 0.050368741128813774 0.010838332609950076 0.000440187003579336 0.000011077431643921787 1.8 0.6 0.75 w7dt hed8
3.3943587896012963 0.19265416620459092 0.012102403874767574 0.00039997243416452536 0.000011447965914723648 1.8 0.6 0.75 w7dt mwd
2.9374391707074006 0.1574781779715042 0.011199707704307619 0.0004324476081973817 0.000011705080536275046 1.8 0.6 0.75 w7dt N100
2.2895470528717805 0.09923774512737589 0.012426346888540567 0.0005243389651314354 0.00001134903811679339 1.8 0.6 0.75 w7dt w7dt
2.146267634596478 0.048083649705765646 0.010769938335977865 0.00044727222617055036 0.000011103910823787918 1.8 0.6 2. w7dt hed8
3.360679643540988 0.19209396698579784 0.011967918035452526 0.0004583581335711231 0.000011493521598208462 1.8 0.6 2. w7dt mwd
2.9134342592824365 0.1557487391990748 0.011154438860569283 0.0004520286662378833 0.000011732250034123884 1.8 0.6 2. w7dt N100
2.2281207791950397 0.09934919734567521 0.011864334387985544 0.0004570837042304602 0.00001145768095848527 1.8 0.6 2. w7dt w7dt
2.2106082745280675 0.0469025264786283 0.010145457289348342 0.0004420924448266907 0.00001384395813282984 1.8 0.75 0.75 w7dt hed8
3.481624806996653 0.18960452768438812 0.011496778237231322 0.0003970172921266408 0.00001427905634589519 1.8 0.75 0.75 w7dt mwd
3.036968256501089 0.14946101400514256 0.01103892877470044 0.00042864332253059846 0.00001449914128416703 1.8 0.75 0.75 w7dt N100
2.3118271452883046 0.09229935405481482 0.011759671486113668 0.0004931260101557738 0.000014155673075231906 1.8 0.75 0.75 w7dt w7dt
2.1991467911693316 0.041545214992374735 0.010565091266614812 0.00041530916927028083 0.000013747927316519512 1.8 0.75 2. w7dt hed8
3.480389130077615 0.18741913771966875 0.011638479777520942 0.00038471656539691907 0.000014275070565649398 1.8 0.75 2. w7dt mwd
3.0406059726808397 0.14540628715137455 0.011309027382802792 0.000431525254999884 0.000014456108079180464 1.8 0.75 2. w7dt N100
2.2629796316036064 0.09167070030533037 0.01141686836640566 0.0005028532263806638 0.000014254061853793342 1.8 0.75 2. w7dt w7dt
2.0717509823586027 0.0845005750514722 0.011886602101189652 0.0004917930029210842 2.82809274017735e-6 2. 0.15 0.75 w7dt hed8
2.8788574450602464 0.211500056893297 0.01257941547433211 0.0004639405755380388 2.9441358156680065e-6 2. 0.15 0.75 w7dt mwd
2.693389442450725 0.18189781563540572 0.01233570468664441 0.0005826201772842545 2.9724332127978092e-6 2. 0.15 0.75 w7dt N100
2.1521561853948654 0.1343510211376794 0.013555562132189159 0.0006982266675442029 2.8742047317191105e-6 2. 0.15 0.75 w7dt w7dt
2.0431696192778044 0.08156133124171862 0.01183125863473401 0.0005362168888449474 2.832344526490415e-6 2. 0.15 2. w7dt hed8
2.83232633855869 0.21152690153242812 0.012201816322648062 0.0004393228993018943 2.9633488986989074e-6 2. 0.15 2. w7dt mwd
2.666927193245871 0.18077026525536624 0.012209772680663911 0.00046186203789962284 2.9805743655211353e-6 2. 0.15 2. w7dt N100
2.121778711347389 0.131857140189511 0.0134592785352795 0.000634703460520012 2.8808662695237054e-6 2. 0.15 2. w7dt w7dt
2.176398213097075 0.06933112827766481 0.011939619754876509 0.0005230525157428305 5.575403543496836e-6 2. 0.3 0.75 w7dt hed8
3.1405561336506707 0.20649181494219826 0.012612297256881006 0.0004477857276075121 5.815737791962747e-6 2. 0.3 0.75 w7dt mwd
2.842523757985937 0.17451067998774578 0.012056995586652698 0.00048620636766179813 5.899639371208063e-6 2. 0.3 0.75 w7dt N100
2.2432300832517686 0.12429480533799238 0.012944787736170523 0.0005500228091455869 5.743444030894602e-6 2. 0.3 0.75 w7dt w7dt
2.1205444627592045 0.07017937546957047 0.011358062118294527 0.00047713811386166825 5.6294583274559496e-6 2. 0.3 2. w7dt hed8
3.1182839692825373 0.2056748206747176 0.012540246227733866 0.0004384379958553289 5.831361388424954e-6 2. 0.3 2. w7dt mwd
2.822221918414478 0.17273175698378515 0.012032454026149334 0.00045131492934844154 5.908070227134726e-6 2. 0.3 2. w7dt N100
2.2185008145820952 0.12126608501199009 0.012968639146497292 0.0005905130539123808 5.749476450152882e-6 2. 0.3 2. w7dt w7dt
2.258763450934277 0.054248460668359144 0.010817721937419958 0.0004114756111795121 0.000011055881900466743 2. 0.6 0.75 w7dt hed8
3.446551641728628 0.19732900268143572 0.011868433168605171 0.00044486417292999433 0.000011465642454467717 2. 0.6 0.75 w7dt mwd
3.0680168781398263 0.15916520662739256 0.011676836851748711 0.0004747470888112959 0.000011584949194268362 2. 0.6 0.75 w7dt N100
2.3805090546430456 0.10465670384963899 0.01239851598442248 0.000422700277398096 0.000011345167391929703 2. 0.6 0.75 w7dt w7dt
2.2196810509276825 0.05309811677443568 0.010615198087805472 0.00043459996547397944 0.000011104042871039972 2. 0.6 2. w7dt hed8
3.4490802634310245 0.19566802263479569 0.012023150417822684 0.00042787928939467157 0.000011456887761712231 2. 0.6 2. w7dt mwd
3.0272760297629366 0.1586312586728996 0.011457670776708768 0.0004938877080853627 0.000011643788527618818 2. 0.6 2. w7dt N100
2.3328984921543316 0.10359577185139589 0.012080993969226319 0.00041840955811431004 0.000011416577942648622 2. 0.6 2. w7dt w7dt
2.287086141256171 0.049522107400029595 0.010295693218346792 0.0004430126467381768 0.000013771639730090363 2. 0.75 0.75 w7dt hed8
3.564111757301444 0.19311964676813909 0.011561052640859147 0.0004062968534918721 0.000014227028764717944 2. 0.75 0.75 w7dt mwd
3.1300903382263656 0.1533811864275302 0.011221940007462494 0.0004415936892781436 0.000014425402980813954 2. 0.75 0.75 w7dt N100
2.411309824422268 0.09759339038911082 0.011913671667942357 0.0005356698352364872 0.000014128056365309119 2. 0.75 0.75 w7dt w7dt
2.273082925164957 0.04469522335256754 0.010600025564704942 0.00043176034414436985 0.000013715043913269476 2. 0.75 2. w7dt hed8
3.559009800541204 0.19132032848346428 0.011659775739160624 0.0004098619552059224 0.000014233957371318179 2. 0.75 2. w7dt mwd
3.120034549645993 0.15071608701028258 0.011329394134300938 0.000493807238882272 0.000014420339398965955 2. 0.75 2. w7dt N100
2.3774342989987587 0.09488650629468762 0.011843257066821208 0.0005011257869510891 0.000014169551084092921 2. 0.75 2. w7dt w7dt